1099056886843711589
1102248703131140156
1101192669918670948
1098798565863731221
1099056584610566304
1098802542403665981
1097182774135357440
1099603375198310490
1099053689953587320
1099686980796809297
1103937062715002920
1098589458514858066
1097182793546608710
1097185542728319074
1101193355116949657
1097182773145522340
1099056955332513822
1084379953161838702
1097182778434535535
1099937689882603612
1084379962196369448
1099044049270350014
1098898767903723550
1097182791336210482
1099044468914655304
1099040847930073168
1097182800450420747
1098898106424242207
1097182792586104974
1097182797258567763
1098447552979931146
1099040158604603544
1102249038453157888
1102248953245880491
1099415952900247593
1102146905917620354
1097358298723909663
1097182780573614181
1099056452104093736
1097182775041331230
1101193281632747621
1099056722913542224
1098492619383918643
1099040460028248214
1097182802669224006
1097182771866243175
1098537779538952203
1097182786307244062
1100458515153297488
1097182781760606408
1098802541275398274
1097182803726180523
1098928551388000357
1097182776157024378
1098447518746038294
