1075854333264023595
1107363856881303662
982960716413825085
863808205196886046
862575309907034122
861592964195418132
883014993472258059
863328583438172160
861593300816494593
869617728292524074
943729816564301885
861830925990232075
898819199034589184
886798354032525383
883011992619728976
862976413124788235
861488037719179275
843201790928355369
848858077960732703
863845863700561940
883217100242550784
933552259151822868
936163050141126677
898820948483014657
863013487163736065
874936273742213140
855861851870068786
883227091196321802
862632901912166430
870670546554208317